50.0 1.0 
50.0 1.0 
50.0 1.0 
50.0 1.0 
50.0 1.0 
50.0 1.0 
90.0 0.94 
50.0 1.0 
50.0 1.0 
50.0 1.0 
50.0 1.0 
50.0 1.0 
50.0 1.0 
50.0 1.0 
50.0 1.0 
50.0 1.0 
50.0 1.0 
50.0 1.0 
50.0 1.0 
50.0 1.0 
50.0 1.0 
72.0 0.99 
50.0 1.0 
50.0 1.0 
50.0 1.0 
50.0 1.0 
50.0 1.0 
50.0 1.0 
50.0 1.0 
50.0 1.0 
50.0 1.0 
50.0 1.0 
50.0 1.0 
50.0 1.0 
50.0 1.0 
50.0 1.0 
50.0 1.0 
50.0 1.0 
50.0 1.0 
50.0 1.0 
50.0 1.0 
50.0 1.0 
50.0 1.0 
50.0 1.0 
50.0 1.0 
50.0 1.0 
50.0 1.0 
50.0 1.0 
50.0 1.0 
